0 3.141592653589793 3.141592653589793
258.7505020461375 3.179329502281562 3.146149477868503
517.5010040922749 3.217066350973332 3.150708005870851
776.2515061384124 3.254803199665101 3.155269944790962
1035.00200818455 3.292540048356871 3.159837008780757
1293.752510230687 3.33027689704864 3.164410922471464
1552.503012276825 3.368013745740409 3.168993424546758
1811.253514322962 3.405750594432178 3.17358627138527
2070.0040163691 3.443487443123948 3.178191240791104
2328.754518415237 3.481224291815718 3.182810135831723
2587.505020461375 3.518961140507487 3.187444788803445
2846.255522507513 3.556697989199256 3.19209706534615
3105.00602455365 3.594434837891026 3.196768868730031
3363.756526599788 3.632171686582795 3.201462144339034
3622.507028645925 3.669908535274564 3.206178884377403
3881.257530692063 3.707645383966333 3.210921132828071
4140.0080327382 3.745382232658102 3.21569099069402
4398.758534784338 3.783119081349871 3.220490621556841
4657.509036830476 3.820855930041641 3.225322257489859
4916.259538876613 3.85859277873341 3.230188205367083
5175.010040922751 3.896329627425179 3.2350908536136
5433.760542968888 3.934066476116949 3.240032679447929
5692.511045015026 3.971803324808718 3.245016256672582
5951.261547061164 4.009540173500487 3.250044264075545
6210.012049107301 4.047277022192256 3.255119494512866
6468.762551153439 4.085013870884025 3.260244864751024
6727.513053199577 4.122750719575794 3.265423426157663
6986.263555245714 4.160487568267564 3.270658376340435
7245.014057291852 4.198224416959334 3.275953071846875
7503.764559337989 4.235961265651103 3.281311042053206
7762.515061384127 4.273698114342872 3.286736004387464
8021.265563430265 4.311434963034641 3.292231881052583
8280.016065476402 4.349171811726411 3.297802817438734
8538.76656752254 4.38690866041818 3.303453202441709
8797.517069568678 4.424645509109949 3.309187690936456
9056.267571614815 4.462382357801718 3.315011228692718
9315.018073660953 4.500119206493488 3.320929080064365
9573.76857570709 4.537856055185257 3.326946858836736
9832.519077753228 4.575592903877026 3.333070562678784
10091.26957979937 4.613329752568795 3.339306611721197
10350.0200818455 4.651066601260565 3.345661891870469
10608.77058389164 4.688803449952334 3.352143803575323
10867.52108593778 4.726540298644103 3.358760316889978
11126.27158798392 4.764277147335872 3.365520033833636
11385.02209003005 4.802013996027642 3.372432259233416
11643.77259207619 4.83975084471941 3.379507081467263
11902.52309412233 4.87748769341118 3.38675546480418
12161.27359616847 4.91522454210295 3.394189355385113
12420.0240982146 4.952961390794719 3.401821803316226
12678.77460026074 4.990698239486489 3.409667103879788
12937.52510230688 5.028435088178259 3.417740961536164
13196.27560435302 5.066171936870028 3.426060681232892
13455.02610639916 5.103908785561798 3.434645392605736
13713.77660844529 5.141645634253567 3.443516314022675
13972.52711049143 5.179382482945336 3.452697065180352
14231.27761253757 5.217119331637106 3.462214039244425
14490.02811458371 5.254856180328876 3.472096848511265
14748.77861662984 5.292593029020646 3.482378861510889
15007.52911867598 5.330329877712415 3.49309785472643
15266.27962072212 5.368066726404185 3.504296809183242
15525.03012276826 5.405803575095955 3.51602489179857
15783.78062481439 5.443540423787724 3.52833867466312
16042.53112686053 5.481277272479494 3.541303663961396
16301.28162890667 5.519014121171264 3.55499623646948
16560.0321309528 5.556750969863033 3.569506119256534
16818.78263299894 5.594487818554803 3.584939603260817
17077.53313504508 5.632224667246572 3.601423763267478
17336.28363709121 5.669961515938341 3.619112080980099
17595.03413913735 5.707698364630109 3.638192060389182
17853.78464118348 5.745435213321878 3.658895730474235
18112.53514322962 5.783172062013648 3.681514429542496
18371.28564527576 5.820908910705418 3.706420105899076
18630.03614732189 5.858645759397187 3.734096834139503
18888.78664936803 5.896382608088957 3.765188902273591
19147.53715141416 5.934119456780726 3.800576867531945
19406.2876534603 5.971856305472496 3.841503081082067
19665.03815550643 6.009593154164265 3.889789751083041
19923.78865755257 6.047330002856034 3.948242336232892
20182.53915959871 6.085066851547802 4.021457014358164
20441.28966164484 6.122803700239572 4.117610174142859
20700.04016369098 6.160540548931341 4.253001698797664
20958.79066573711 6.198277397623111 4.465975064295011
21217.54116778325 6.236014246314881 4.871896914144174
21476.29166982939 6.27375109500665 5.882395585836763
21735.04217187552 6.31148794369842 7.310743116577775
21993.79267392166 6.349224792390189 7.935791269157376
22252.54317596779 6.386961641081959 8.220716162626765
22511.29367801393 6.424698489773728 8.38755706645366
22770.04418006006 6.462435338465497 8.500444869451705
23028.7946821062 6.500172187157267 8.583760895978285
23287.54518415234 6.537909035849035 8.64885669863224
23546.29568619847 6.575645884540805 8.701789882846461
23805.04618824461 6.613382733232575 8.746119731225452
24063.79669029074 6.651119581924344 8.78409193083909
24322.54719233688 6.688856430616114 8.817203004490343
24581.29769438301 6.726593279307883 8.846494321911891
24840.04819642915 6.764330127999651 8.872716383537751
25098.79869847529 6.802066976691421 8.896425962796428
25357.54920052142 6.839803825383189 8.918046288060289
25616.29970256756 6.877540674074959 8.937905811611376
25875.05020461369 6.915277522766729 8.9562640273057
26133.80070665983 6.953014371458498 8.973329161555199
26392.55120870597 6.990751220150268 8.989270600447171
26651.3017107521 7.028488068842037 9.004227811517495
26910.05221279824 7.066224917533805 9.018316873573561
27168.80271484437 7.103961766225575 9.031635338608723
27427.55321689051 7.141698614917344 9.044265907983323
27686.30371893664 7.179435463609112 9.056279250885948
27945.05422098278 7.217172312300882 9.067736192535174
28203.80472302892 7.25490916099265 9.078689432615379
28462.55522507505 7.29264600968442 9.089184908991294
28721.30572712119 7.33038285837619 9.099262890365532
28980.05622916732 7.36811970706796 9.108958859532686
29238.80673121346 7.40585655575973 9.118304233220258
29497.5572332596 7.443593404451498 9.127326953210599
29756.30773530573 7.481330253143266 9.136051975190616
30015.05823735187 7.519067101835036 9.144501675685218
30273.808739398 7.556803950526805 9.15269619288418
30532.55924144414 7.594540799218574 9.16065371374517
30791.30974349027 7.632277647910344 9.168390717148009
31050.06024553641 7.670014496602114 9.175922180874185
31308.81074758255 7.707751345293884 9.183261758637118
31567.56124962868 7.745488193985652 9.190421932181376
31826.31175167482 7.783225042677421 9.197414142520907
32085.06225372095 7.820961891369191 9.204248903636572
32343.81275576709 7.85869874006096 9.21093590135669
32602.56325781322 7.896435588752728 9.217484079666514
32861.31375985936 7.934172437444498 9.223901716307891
33120.0642619055 7.971909286136268 9.230196489218816
33378.81476395164 8.009646134828037 9.236375535109005
33637.56526599778 8.047382983519807 9.242445501260196
33896.31576804392 8.085119832211577 9.248412591469389
34155.06627009006 8.122856680903347 9.254282606912522
34413.8167721362 8.160593529595117 9.260060982589261
34672.56727418234 8.198330378286887 9.265752819912557
34931.31777622848 8.236067226978657 9.271362915925286
35190.06827827462 8.273804075670427 9.276895789558214
35448.81878032076 8.311540924362197 9.282355705286078
35707.56928236689 8.349277773053967 9.287746694490194
35966.31978441303 8.387014621745736 9.29307257479482
36225.07028645917 8.424751470437506 9.29833696760959
36483.82078850531 8.462488319129276 9.303543314080519
36742.57129055145 8.500225167821046 9.308694889626596
37001.32179259759 8.537962016512815 9.31379481721711
37260.07229464373 8.575698865204585 9.318846079526006
37518.82279668987 8.613435713896354 9.323851530083431
37777.57329873601 8.651172562588124 9.328813903530547
38036.32380078215 8.688909411279894 9.333735825071583
38295.07430282829 8.726646259971664 9.338619819206606
38553.82480487443 8.764383108663434 9.343468317819248
38812.57530692057 8.802119957355204 9.348283667685767
39071.32580896671 8.839856806046974 9.353068137464737
39330.07631101285 8.877593654738744 9.357823924220751
39588.82681305899 8.915330503430514 9.362553159530037
39847.57731510513 8.953067352122284 9.367257915211397
40106.32781715127 8.990804200814054 9.371940208721689
40365.0783191974 9.028541049505824 9.376602008251656
40623.82882124354 9.066277898197594 9.381245237554643
40882.57932328968 9.104014746889364 9.385871780538146
41141.32982533582 9.141751595581134 9.390483485645717
41400.08032738196 9.179488444272904 9.395082170054755
41658.8308294281 9.217225292964674 9.399669623713837
41917.58133147424 9.254962141656444 9.404247613241759
42176.33183352038 9.292698990348214 9.40881788570929
42435.08233556652 9.330435839039984 9.413382172323345
42693.83283761266 9.368172687731754 9.417942192032506
42952.5833396588 9.405909536423524 9.422499655072143
43211.33384170494 9.443646385115292 9.427056266466616
43470.08434375108 9.481383233807062 9.431613729506253
43728.83484579722 9.519120082498832 9.436173749215424
43987.58534784336 9.556856931190602 9.440738035829469
44246.3358498895 9.594593779882372 9.44530830829701
44505.08635193564 9.632330628574142 9.44988629782493
44763.83685398178 9.67006747726591 9.454473751484011
45022.58735602791 9.70780432595768 9.459072435893052
45281.33785807405 9.74554117464945 9.463684141000623
45540.08836012019 9.78327802334122 9.468310683984118
45798.83886216633 9.82101487203299 9.472953913287105
46057.58936421247 9.858751720724758 9.477615712817077
46316.33986625861 9.896488569416528 9.482298006327373
46575.09036830475 9.934225418108298 9.487002762008729
46833.84087035089 9.971962266800068 9.491731997318016
47092.59137239703 10.00969911549184 9.496487784074031
47351.34187444317 10.04743596418361 9.501272253852999
47610.09237648931 10.08517281287538 9.506087603719514
47868.84287853545 10.12290966156715 9.51093610233216
48127.59338058159 10.16064651025892 9.515820096467182
48386.34388262773 10.19838335895069 9.520742018008217
48645.09438467387 10.23612020764246 9.525704391455333
48903.84488672001 10.27385705633423 9.53070984201276
49162.59538876615 10.311593905026 9.535761104321656
49421.34589081229 10.34933075371777 9.540861031912169
49680.09639285842 10.38706760240953 9.546012607458248
49938.84689490456 10.4248044511013 9.551218953929176
50197.5973969507 10.46254129979307 9.556483346743946
50456.34789899684 10.50027814848484 9.561809227048574
50715.09840104298 10.53801499717661 9.567200216252688
50973.84890308912 10.57575184586838 9.572660131980552
51232.59940513526 10.61348869456015 9.57819300561348
51491.3499071814 10.65122554325192 9.583803101626209
51750.10040922754 10.68896239194369 9.589494938949507
52008.85091127368 10.72669924063546 9.595273314626244
52267.60141331982 10.76443608932723 9.601143330069377
52526.35191536596 10.802172938019 9.607110420278572
52785.1024174121 10.83990978671077 9.613180386429761
53043.85291945824 10.87764663540254 9.61935943231995
53302.60342150438 10.91538348409431 9.625654205230877
53561.35392355052 10.95312033278608 9.632071841872254
53820.10442559666 10.99085718147785 9.638620020182078
54078.8549276428 11.02859403016962 9.645307017902196
54337.60542968893 11.06633087886139 9.65214177901786
54596.35593173507 11.10406772755316 9.659133989357391
54855.10643378121 11.14180457624493 9.66629416290165
55113.85693582735 11.1795414249367 9.673633740664585
55372.60743787349 11.21727827362847 9.68116520439076
55631.35793991963 11.25501512232024 9.6889022077936
55890.10844196577 11.29275197101201 9.696859728654589
56148.85894401191 11.33048881970378 9.705054245853553
56407.60944605805 11.36822566839555 9.713503946348155
56666.35994810419 11.40596251708732 9.722228968328174
56925.11045015033 11.44369936577909 9.731251688318515
57183.86095219647 11.48143621447086 9.740597062006087
57442.61145424261 11.51917306316263 9.750293031173241
57701.36195628875 11.5569099118544 9.760371012547479
57960.11245833489 11.59464676054617 9.770866488923396
58218.86296038103 11.63238360923794 9.781819729003601
58477.61346242717 11.6701204579297 9.793276670652828
58736.36396447331 11.70785730662147 9.805290013555453
58995.11446651944 11.74559415531324 9.817920582930057
59253.86496856558 11.78333100400501 9.831239047965219
59512.61547061172 11.82106785269678 9.845328110021288
59771.36597265786 11.85880470138855 9.860285321091613
60030.116474704 11.89654155008032 9.876226759983588
60288.86697675014 11.93427839877209 9.893291894233087
60547.61747879628 11.97201524746386 9.911650109927415
60806.36798084242 12.00975209615563 9.931509633478504
61065.11848288856 12.0474889448474 9.953129958742366
61323.8689849347 12.08522579353917 9.97683953800105
61582.61948698084 12.12296264223094 10.00306159962692
61841.36998902698 12.16069949092271 10.03235291704847
62100.12049107312 12.19843633961448 10.06546399069973
62358.87099311926 12.23617318830625 10.10343619031338
62617.6214951654 12.27391003699802 10.14776603869238
62876.37199721154 12.31164688568979 10.20069922290662
63135.12249925768 12.34938373438156 10.26579502556061
63393.87300130382 12.38712058307333 10.34911105208722
63652.62350334995 12.4248574317651 10.46199885508534
63911.37400539609 12.46259428045687 10.62883975891237
64170.12450744223 12.50033112914864 10.91376465238208
64428.87500948837 12.53806797784041 11.53881280496274
64687.62551153451 12.57580482653218 12.96716033570472
64946.37601358065 12.61354167522395 13.97765900739567
65205.12651562679 12.65127852391572 14.38358085724425
65463.87701767293 12.68901537260749 14.59655422274139
65722.62751971907 12.72675222129926 14.7319457473961
65981.37802176521 12.76448906999103 14.82809890718074
66240.12852381135 12.80222591868279 14.90131358530599
66498.87902585749 12.83996276737456 14.95976617045582
66757.62952790363 12.87769961606633 15.00805284045677
67016.38002994977 12.9154364647581 15.04897905400689
67275.13053199591 12.95317331344987 15.08436701926523
67533.88103404205 12.99091016214164 15.11545908739931
67792.63153608819 13.02864701083341 15.14313581563973
68051.38203813433 13.06638385952518 15.16804149199631
68310.13254018046 13.10412070821695 15.19066019106456
68568.8830422266 13.14185755690872 15.21136386114961
68827.63354427274 13.17959440560049 15.2304438405587
69086.38404631888 13.21733125429226 15.24813215827131
69345.13454836502 13.25506810298403 15.26461631827797
69603.88505041116 13.2928049516758 15.28004980228226
69862.6355524573 13.33054180036757 15.29455968506931
70121.38605450344 13.36827864905934 15.30825225757739
70380.13655654958 13.40601549775111 15.32121724687566
70638.88705859572 13.44375234644288 15.33353102974021
70897.63756064186 13.48148919513465 15.34525911235554
71156.388062688 13.51922604382642 15.35645806681235
71415.13856473414 13.55696289251819 15.36717706002789
71673.88906678028 13.59469974120996 15.37745907302752
71932.63956882642 13.63243658990173 15.38734188229435
72191.39007087256 13.6701734385935 15.39685885635843
72450.1405729187 13.70791028728527 15.4060396075161
72708.89107496484 13.74564713597704 15.41491052893304
72967.64157701097 13.78338398466881 15.42349524030589
73226.39207905711 13.82112083336058 15.43181496000261
73485.14258110325 13.85885768205235 15.43988881765899
73743.89308314939 13.89659453074412 15.44773411822255
74002.64358519553 13.93433137943589 15.45536656615366
74261.39408724167 13.97206822812766 15.4628004567346
74520.14458928781 14.00980507681943 15.47004884007151
74778.89509133395 14.0475419255112 15.47712366230536
75037.64559338009 14.08527877420297 15.48403588770514
75296.39609542623 14.12301562289474 15.4907956046488
75555.14659747237 14.16075247158651 15.49741211796345
75813.89709951851 14.19848932027828 15.5038940296683
76072.64760156465 14.23622616897005 15.51024930981758
76331.39810361079 14.27396301766182 15.51648535885999
76590.14860565693 14.31169986635359 15.52260906270204
76848.89910770307 14.34943671504536 15.52862684147441
77107.64960974921 14.38717356373713 15.53454469284606
77366.40011179535 14.4249104124289 15.54036823060232
77625.15061384148 14.46264726112067 15.54610271909706
77883.90111588762 14.50038410981244 15.55175310410004
78142.65161793376 14.53812095850421 15.55732404048619
78401.4021199799 14.57585780719598 15.56281991715131
78660.15262202604 14.61359465588775 15.56824487948557
78918.90312407218 14.65133150457952 15.5736028496919
79177.65362611832 14.68906835327129 15.57889754519834
79436.40412816446 14.72680520196306 15.58413249538111
79695.1546302106 14.76454205065483 15.58931105678775
79953.90513225674 14.8022788993466 15.59443642702591
80212.65563430288 14.84001574803837 15.59951165746323
80471.40613634902 14.87775259673014 15.60453966486619
80730.15663839516 14.91548944542191 15.60952324209084
80988.9071404413 14.95322629411368 15.61446506792517
81247.65764248744 14.99096314280545 15.61936771617169
81506.40814453358 15.02869999149722 15.62423366404891
81765.15864657972 15.06643684018899 15.62906529998193
82023.90914862586 15.10417368888076 15.63386493084475
82282.65965067199 15.14191053757252 15.6386347887107
82541.41015271813 15.17964738626429 15.64337703716137
82800.16065476427 15.21738423495606 15.64809377719974
83058.91115681041 15.25512108364783 15.65278705280874
83317.66165885655 15.2928579323396 15.65745885619262
83576.41216090269 15.33059478103137 15.66211113273533
83835.16266294883 15.36833162972314 15.66674578570705
84093.91316499497 15.40606847841491 15.67136468074767
84352.66366704111 15.44380532710668 15.6759696501535
84611.41416908725 15.48154217579845 15.68056249699201
84870.16467113339 15.51927902449022 15.68514499906731
85128.91517317953 15.55701587318199 15.68971891275801
85387.66567522567 15.59475272187376 15.69428597674781
85646.41617727181 15.63248957056553 15.69884791566793
85905.16667931795 15.6702264192573 15.70340644367028
