0 3.141592653589793 3.141592653589793
258.7505020461375 3.179329502281562 3.149952256959617
517.5010040922749 3.217066350973332 3.158315205074645
776.2515061384124 3.254803199665101 3.166684849811658
1035.00200818455 3.292540048356871 3.175064557346409
1293.752510230687 3.33027689704864 3.183457715393647
1552.503012276825 3.368013745740409 3.191867740556612
1811.253514322962 3.405750594432178 3.200298085824024
2070.0040163691 3.443487443123948 3.208752248254051
2328.754518415237 3.481224291815717 3.217233776886439
2587.505020461375 3.518961140507487 3.225746280926066
2846.255522507513 3.556697989199256 3.234293438243888
3105.00602455365 3.594434837891026 3.242879004244191
3363.756526599788 3.632171686582795 3.251506821150758
3622.507028645925 3.669908535274564 3.260180827768613
3881.257530692063 3.707645383966333 3.268905069782936
4140.0080327382 3.745382232658102 3.277683710662133
4398.758534784338 3.783119081349871 3.286521043238516
4657.509036830475 3.82085593004164 3.295421502047273
4916.259538876613 3.85859277873341 3.30438967651265
5175.010040922751 3.896329627425179 3.313430325079908
5433.760542968888 3.934066476116949 3.322548390402385
5692.511045015026 3.971803324808718 3.331749015705492
5951.261547061164 4.009540173500487 3.341037562463713
6210.012049107301 4.047277022192256 3.350419629543049
6468.762551153439 4.085013870884025 3.35990107398009
6727.513053199576 4.122750719575794 3.369488033590511
6986.263555245714 4.160487568267563 3.379186951624688
7245.014057291852 4.198224416959333 3.389004603716797
7503.764559337989 4.235961265651103 3.398948127407031
7762.515061384127 4.273698114342872 3.409025054555104
8021.265563430265 4.311434963034641 3.419243347007895
8280.016065476402 4.349171811726411 3.42961143593635
8538.76656752254 4.38690866041818 3.440138265317584
8797.517069568677 4.424645509109949 3.450833340109547
9056.267571614815 4.462382357801718 3.46170677974939
9315.018073660953 4.500119206493488 3.472769377705431
9573.76857570709 4.537856055185257 3.484032667929323
9832.519077753228 4.575592903877026 3.495508999193391
10091.26957979937 4.613329752568795 3.507211618462732
10350.0200818455 4.651066601260565 3.519154764648195
10608.77058389164 4.688803449952334 3.531353774321901
10867.52108593778 4.726540298644103 3.543825201260253
11126.27158798392 4.764277147335872 3.556586952021562
11385.02209003005 4.802013996027642 3.56965844018039
11643.77259207619 4.83975084471941 3.583060762346175
11902.52309412233 4.87748769341118 3.596816899712311
12161.27359616847 4.915224542102949 3.610951949642269
12420.0240982146 4.952961390794719 3.625493392739131
12678.77460026074 4.990698239486489 3.640471402012093
12937.52510230688 5.028435088178258 3.655919202211285
13196.27560435302 5.066171936870028 3.67187348923333
13455.02610639915 5.103908785561798 3.688374921813967
13713.77660844529 5.141645634253567 3.705468700666636
13972.52711049143 5.179382482945336 3.723205253992798
14231.27761253757 5.217119331637106 3.741641053145764
14490.02811458371 5.254856180328876 3.760839588536043
14748.77861662984 5.292593029020646 3.780872544119265
15007.52911867598 5.330329877712415 3.801821219697358
15266.27962072212 5.368066726404185 3.823778264756165
15525.03012276826 5.405803575095955 3.846849807025767
15783.78062481439 5.443540423787724 3.871158085339577
16042.53112686053 5.481277272479494 3.896844732511906
16301.28162890667 5.519014121171264 3.924074903983661
16560.0321309528 5.556750969863033 3.953042518011445
16818.78263299894 5.594487818554803 3.983976972334271
17077.53313504508 5.632224667246572 4.017151844370536
17336.28363709121 5.669961515938341 4.05289628823323
17595.03413913735 5.707698364630109 4.091610144914501
17853.78464118348 5.745435213321878 4.133784232883254
18112.53514322962 5.783172062013648 4.180027964960273
18371.28564527576 5.820908910705418 4.231107468585979
18630.03614732189 5.858645759397187 4.287998962667763
18888.78664936803 5.896382608088957 4.351964547704783
19147.53715141416 5.934119456780726 4.424661164232164
19406.2876534603 5.971856305472496 4.508298569538947
19665.03815550643 6.009593154164265 4.605868308135557
19923.78865755257 6.047330002856034 4.721468971295093
20182.53915959871 6.085066851547802 4.860737629704991
20441.28966164484 6.122803700239572 5.031308745216265
20700.04016369098 6.160540548931341 5.242902643351854
20958.79066573711 6.198277397623111 5.505776679201269
21217.54116778325 6.236014246314881 5.824913638925313
21476.29166982938 6.27375109500665 6.188836037389344
21735.04217187552 6.311487943698419 6.563433214890891
21993.79267392166 6.349224792390189 6.907874143133149
22252.54317596779 6.386961641081959 7.198987097298186
22511.29367801393 6.424698489773728 7.435060553382082
22770.04418006006 6.462435338465497 7.624824065816253
23028.7946821062 6.500172187157267 7.778651553750271
23287.54518415234 6.537909035849035 7.905266422719561
23546.29568619847 6.575645884540805 8.011254364625758
23805.04618824461 6.613382733232575 8.101423712131002
24063.79669029074 6.651119581924344 8.179272015882704
24322.54719233688 6.688856430616114 8.247365860302772
24581.29769438301 6.726593279307883 8.307614995984622
24840.04819642915 6.764330127999651 8.361462701625998
25098.79869847529 6.802066976691421 8.410016894264906
25357.54920052142 6.839803825383189 8.454140877240777
25616.29970256756 6.877540674074959 8.49451683681502
25875.05020461369 6.915277522766729 8.531690869750902
26133.80070665983 6.953014371458498 8.566105371834936
26392.55120870597 6.990751220150268 8.598122669053591
26651.3017107521 7.028488068842037 8.628042498698258
26910.05221279824 7.066224917533805 8.656115111967862
27168.80271484437 7.103961766225575 8.682551217229364
27427.55321689051 7.141698614917344 8.707529613994819
27686.30371893664 7.179435463609112 8.731203118060909
27945.05422098278 7.217172312300882 8.75370320732379
28203.80472302892 7.25490916099265 8.775143699253094
28462.55522507505 7.29264600968442 8.795623687803786
28721.30572712119 7.33038285837619 8.815229908439211
28980.05622916732 7.36811970706796 8.834038657472771
29238.80673121346 7.40585655575973 8.852117361091471
29497.55723325959 7.443593404451498 8.869525866788994
29756.30773530573 7.481330253143266 8.886317513160609
30015.05823735187 7.519067101835036 8.902540021463542
30273.808739398 7.556803950526805 8.918236242876228
30532.55924144414 7.594540799218574 8.933444788182744
30791.30974349027 7.632277647910344 8.948200561080142
31050.06024553641 7.670014496602114 8.962535212033355
31308.81074758255 7.707751345293884 8.976477526275755
31567.56124962868 7.745488193985652 8.990053756946363
31826.31175167482 7.783225042677421 9.00328791229771
32085.06225372095 7.820961891369191 9.01620200427592
32343.81275576709 7.85869874006096 9.028816264470951
32602.56325781322 7.896435588752728 9.041149332388365
32861.31375985936 7.934172437444498 9.053218420149157
33120.0642619055 7.971909286136268 9.06503945703875
33378.81476395164 8.009646134828037 9.07662721676737
33637.56526599778 8.047382983519807 9.087995429846345
33896.31576804392 8.085119832211577 9.099156883108165
34155.06627009006 8.122856680903347 9.110123508087055
34413.8167721362 8.160593529595117 9.120906459718531
34672.56727418234 8.198330378286887 9.131516186601417
34931.31777622848 8.236067226978657 9.141962493885995
35190.06827827462 8.273804075670427 9.152254599701106
35448.81878032075 8.311540924362196 9.162401185905972
35707.56928236689 8.349277773053966 9.172410443845258
35966.31978441303 8.387014621745736 9.182290115694872
36225.07028645917 8.424751470437506 9.192047531908768
36483.82078850531 8.462488319129276 9.201689645211104
36742.57129055145 8.500225167821046 9.211223061521672
37001.32179259759 8.537962016512815 9.220654068154341
37260.07229464373 8.575698865204584 9.229988659586658
37518.82279668987 8.613435713896354 9.239232561062984
37777.57329873601 8.651172562588124 9.248391250262724
38036.32380078215 8.688909411279894 9.257469977238387
38295.07430282829 8.726646259971664 9.266473782805154
38553.82480487443 8.764383108663434 9.275407515543392
38812.57530692057 8.802119957355204 9.28427584755813
39071.32580896671 8.839856806046974 9.293083289124116
39330.07631101285 8.877593654738744 9.301834202331975
39588.82681305899 8.915330503430514 9.310532813839075
39847.57731510513 8.953067352122284 9.319183226818767
40106.32781715126 8.990804200814054 9.327789432192674
40365.0783191974 9.028541049505824 9.336355319222912
40623.82882124354 9.066277898197594 9.344884685534403
40882.57932328968 9.104014746889364 9.353381246631457
41141.32982533582 9.141751595581134 9.361848644967667
41400.08032738196 9.179488444272904 9.370290458623668
41658.8308294281 9.217225292964674 9.378710209643486
41917.58133147424 9.254962141656444 9.387111372076799
42176.33183352038 9.292698990348214 9.395497379771708
42435.08233556652 9.330435839039984 9.403871633960222
42693.83283761266 9.368172687731754 9.412237510676631
42952.5833396588 9.405909536423524 9.420598368047596
43211.33384170494 9.443646385115292 9.428957553491163
43470.08434375108 9.481383233807062 9.437318410862146
43728.83484579722 9.519120082498832 9.445684287578553
43987.58534784336 9.556856931190602 9.454058541767061
44246.3358498895 9.594593779882372 9.462444549461972
44505.08635193564 9.632330628574142 9.470845711895285
44763.83685398177 9.67006747726591 9.479265462915102
45022.58735602791 9.70780432595768 9.487707276571102
45281.33785807405 9.74554117464945 9.496174674907314
45540.08836012019 9.78327802334122 9.504671236004368
45798.83886216633 9.82101487203299 9.513200602315857
46057.58936421247 9.858751720724758 9.521766489346096
46316.33986625861 9.896488569416528 9.530372694720004
46575.09036830475 9.934225418108298 9.539023107699697
46833.84087035089 9.971962266800068 9.547721719206795
47092.59137239703 10.00969911549184 9.556472632414653
47351.34187444317 10.04743596418361 9.565280073980642
47610.09237648931 10.08517281287538 9.574148405995375
47868.84287853545 10.12290966156715 9.583082138733618
48127.59338058159 10.16064651025892 9.592085944300386
48386.34388262773 10.19838335895069 9.601164671276047
48645.09438467387 10.23612020764246 9.610323360475785
48903.84488672001 10.27385705633423 9.619567261952115
49162.59538876615 10.311593905026 9.628901853384432
49421.34589081228 10.34933075371777 9.638332860017101
49680.09639285842 10.38706760240953 9.647866276327667
49938.84689490456 10.4248044511013 9.657508389630003
50197.5973969507 10.46254129979307 9.667265805843902
50456.34789899684 10.50027814848484 9.677145477693514
50715.09840104298 10.53801499717661 9.6871547356328
50973.84890308912 10.57575184586838 9.697301321837667
51232.59940513526 10.61348869456015 9.707593427652778
51491.3499071814 10.65122554325192 9.718039734937356
51750.10040922754 10.68896239194369 9.728649461820241
52008.85091127368 10.72669924063546 9.739432413451718
52267.60141331982 10.76443608932723 9.750399038430608
52526.35191536596 10.802172938019 9.761560491692428
52785.1024174121 10.83990978671077 9.772928704771402
53043.85291945824 10.87764663540254 9.784516464500024
53302.60342150438 10.91538348409431 9.796337501389617
53561.35392355052 10.95312033278608 9.80840658915041
53820.10442559666 10.99085718147785 9.820739657067822
54078.85492764279 11.02859403016962 9.833353917262855
54337.60542968893 11.06633087886139 9.846268009241067
54596.35593173507 11.10406772755316 9.859502164592413
54855.10643378121 11.14180457624493 9.873078395263022
55113.85693582735 11.1795414249367 9.887020709505425
55372.60743787349 11.21727827362847 9.901355360458636
55631.35793991963 11.25501512232024 9.916111133356036
55890.10844196577 11.29275197101201 9.931319678662552
56148.85894401191 11.33048881970378 9.94701590007524
56407.60944605805 11.36822566839555 9.963238408378174
56666.35994810419 11.40596251708732 9.98003005474979
56925.11045015033 11.44369936577909 9.997438560447314
57183.86095219647 11.48143621447086 10.01551726406602
57442.61145424261 11.51917306316263 10.03432601309958
57701.36195628875 11.5569099118544 10.053932233735
57960.11245833489 11.59464676054617 10.0744122222857
58218.86296038103 11.63238360923794 10.095852714215
58477.61346242717 11.6701204579297 10.11835280347788
58736.3639644733 11.70785730662147 10.14202630754398
58995.11446651944 11.74559415531324 10.16700470430944
59253.86496856558 11.78333100400501 10.19344080957094
59512.61547061172 11.82106785269678 10.22151342284055
59771.36597265786 11.85880470138855 10.25143325248522
60030.116474704 11.89654155008032 10.28345054970388
60288.86697675014 11.93427839877209 10.31786505178792
60547.61747879628 11.97201524746386 10.3550390847238
60806.36798084242 12.00975209615563 10.39541504429805
61065.11848288856 12.0474889448474 10.43953902727393
61323.8689849347 12.08522579353917 10.48809321991285
61582.61948698084 12.12296264223094 10.54194092555423
61841.36998902698 12.16069949092271 10.6021900612361
62100.12049107312 12.19843633961448 10.67028390565618
62358.87099311926 12.23617318830625 10.7481322094079
62617.6214951654 12.27391003699802 10.83830155691317
62876.37199721154 12.31164688568979 10.9442894988194
63135.12249925768 12.34938373438156 11.07090436778873
63393.87300130381 12.38712058307333 11.2247318557228
63652.62350334995 12.4248574317651 11.41449536815704
63911.37400539609 12.46259428045687 11.65056882424105
64170.12450744223 12.50033112914864 11.94168177840619
64428.87500948837 12.53806797784041 12.28612270664852
64687.62551153451 12.57580482653218 12.66071988415008
64946.37601358065 12.61354167522395 13.02464228261407
65205.12651562679 12.65127852391572 13.34377924233801
65463.87701767293 12.68901537260749 13.60665327818733
65722.62751971907 12.72675222129926 13.81824717632284
65981.37802176521 12.76448906999103 13.98881829183405
66240.12852381135 12.80222591868279 14.1280869502439
66498.87902585749 12.83996276737456 14.2436876134034
66757.62952790363 12.87769961606633 14.34125735199998
67016.38002994977 12.9154364647581 14.42489475730674
67275.13053199591 12.95317331344987 14.4975913738341
67533.88103404205 12.99091016214164 14.56155695887111
67792.63153608819 13.02864701083341 14.61844845295288
68051.38203813432 13.06638385952518 14.66952795657858
68310.13254018046 13.10412070821695 14.71577168865559
68568.8830422266 13.14185755690872 14.75794577662434
68827.63354427274 13.17959440560049 14.7966596333056
69086.38404631888 13.21733125429226 14.83240407716829
69345.13454836502 13.25506810298403 14.86557894920455
69603.88505041116 13.2928049516758 14.89651340352737
69862.6355524573 13.33054180036757 14.92548101755515
70121.38605450344 13.36827864905934 14.95271118902691
70380.13655654958 13.40601549775111 14.97839783619923
70638.88705859572 13.44375234644288 15.00270611451304
70897.63756064186 13.48148919513465 15.02577765678264
71156.388062688 13.51922604382642 15.04773470184145
71415.13856473414 13.55696289251819 15.06868337741954
71673.88906678028 13.59469974120996 15.08871633300276
71932.63956882642 13.63243658990173 15.10791486839303
72191.39007087256 13.6701734385935 15.126350667546
72450.1405729187 13.70791028728527 15.14408722087216
72708.89107496483 13.74564713597704 15.16118099972483
72967.64157701097 13.78338398466881 15.17768243230546
73226.39207905711 13.82112083336058 15.19363671932751
73485.14258110325 13.85885768205235 15.2090845195267
73743.89308314939 13.89659453074412 15.22406252879966
74002.64358519553 13.93433137943589 15.23860397189652
74261.39408724167 13.97206822812766 15.25273902182648
74520.14458928781 14.00980507681943 15.26649515919261
74778.89509133395 14.0475419255112 15.2798974813584
75037.64559338009 14.08527877420297 15.29296896951722
75296.39609542623 14.12301562289474 15.30573072027853
75555.14659747237 14.16075247158651 15.31820214721689
75813.89709951851 14.19848932027828 15.33040115689059
76072.64760156465 14.23622616897005 15.34234430307605
76331.39810361079 14.27396301766182 15.35404692234539
76590.14860565693 14.31169986635359 15.36552325360946
76848.89910770307 14.34943671504536 15.37678654383335
77107.64960974921 14.38717356373713 15.38784914178939
77366.40011179534 14.4249104124289 15.39872258142924
77625.15061384148 14.46264726112067 15.4094176562212
77883.90111588762 14.50038410981244 15.41994448560243
78142.65161793376 14.53812095850421 15.43031257453089
78401.4021199799 14.57585780719598 15.44053086698368
78660.15262202604 14.61359465588775 15.45060779413175
78918.90312407218 14.65133150457952 15.46055131782199
79177.65362611832 14.68906835327129 15.47036896991409
79436.40412816446 14.72680520196306 15.48006788794827
79695.1546302106 14.76454205065483 15.48965484755869
79953.90513225674 14.80227889934659 15.49913629199573
80212.65563430288 14.84001574803836 15.50851835907507
80471.40613634902 14.87775259673013 15.51780690583329
80730.15663839516 14.9154894454219 15.52700753113639
80988.9071404413 14.95322629411367 15.53612559645887
81247.65764248744 14.99096314280544 15.54516624502613
81506.40814453358 15.02869999149721 15.55413441949151
81765.15864657972 15.06643684018898 15.56303487830026
82023.90914862585 15.10417368888075 15.57187221087665
82282.65965067199 15.14191053757252 15.58065085175584
82541.41015271813 15.17964738626429 15.58937509377017
82800.16065476427 15.21738423495606 15.59804910038802
83058.91115681041 15.25512108364783 15.60667691729459
83317.66165885655 15.2928579323396 15.61526248329489
83576.41216090269 15.33059478103137 15.62380964061272
83835.16266294883 15.36833162972314 15.63232214465234
84093.91316499497 15.40606847841491 15.64080367328473
84352.66366704111 15.44380532710668 15.64925783571476
84611.41416908725 15.48154217579845 15.65768818098217
84870.16467113339 15.51927902449022 15.66609820614513
85128.91517317953 15.55701587318199 15.67449136419237
85387.66567522567 15.59475272187376 15.68287107172712
85646.41617727181 15.63248957056553 15.69124071646415
85905.16667931795 15.6702264192573 15.69960366457918
