0 3.141592653589793 3.141592653589793
258.7505020461375 3.179329502281562 3.149952256959577
517.5010040922749 3.217066350973332 3.158315205074645
776.2515061384124 3.254803199665101 3.166684849811658
1035.00200818455 3.29254004835687 3.175064557346409
1293.752510230687 3.330276897048639 3.183457715393647
1552.503012276825 3.368013745740409 3.191867740556612
1811.253514322962 3.405750594432178 3.200298085824024
2070.0040163691 3.443487443123948 3.208752248254051
2328.754518415237 3.481224291815717 3.217233776886439
2587.505020461374 3.518961140507486 3.225746280926066
2846.255522507512 3.556697989199255 3.234293438243887
3105.00602455365 3.594434837891025 3.242879004244184
3363.756526599787 3.632171686582794 3.251506821150735
3622.507028645924 3.669908535274563 3.260180827768552
3881.257530692062 3.707645383966332 3.268905069782762
4140.008032738199 3.745382232658102 3.277683710662132
4398.758534784337 3.783119081349871 3.286521043238517
4657.509036830475 3.82085593004164 3.295421502047273
4916.259538876611 3.85859277873341 3.30438967651265
5175.010040922749 3.896329627425179 3.313430325079908
5433.760542968887 3.934066476116948 3.322548390402385
5692.511045015024 3.971803324808717 3.331749015705492
5951.261547061162 4.009540173500487 3.341037562463713
6210.012049107299 4.047277022192256 3.350419629543049
6468.762551153436 4.085013870884025 3.359901073980089
6727.513053199574 4.122750719575794 3.36948803359051
6986.263555245711 4.160487568267564 3.37918695162469
7245.014057291849 4.198224416959333 3.389004603716796
7503.764559337987 4.235961265651103 3.398948127407031
7762.515061384123 4.273698114342872 3.409025054555103
8021.265563430261 4.311434963034641 3.419243347007896
8280.016065476399 4.349171811726411 3.42961143593635
8538.766567522536 4.38690866041818 3.440138265317584
8797.517069568674 4.424645509109949 3.450833340109547
9056.267571614811 4.462382357801719 3.461706779749388
9315.018073660949 4.500119206493488 3.472769377705426
9573.768575707087 4.537856055185257 3.48403266792931
9832.519077753223 4.575592903877026 3.49550899919336
10091.26957979936 4.613329752568795 3.50721161846266
10350.0200818455 4.651066601260565 3.519154764648035
10608.77058389164 4.688803449952334 3.531353774321901
10867.52108593777 4.726540298644103 3.543825201260253
11126.27158798391 4.764277147335872 3.556586952021563
11385.02209003005 4.802013996027641 3.56965844018039
11643.77259207619 4.839750844719411 3.583060762346176
11902.52309412232 4.87748769341118 3.596816899712311
12161.27359616846 4.915224542102949 3.61095194964227
12420.0240982146 4.952961390794719 3.625493392739132
12678.77460026073 4.990698239486488 3.640471402012093
12937.52510230687 5.028435088178258 3.655919202211285
13196.27560435301 5.066171936870027 3.67187348923333
13455.02610639915 5.103908785561796 3.688374921813966
13713.77660844529 5.141645634253566 3.705468700666637
13972.52711049142 5.179382482945335 3.723205253992797
14231.27761253756 5.217119331637104 3.741641053145763
14490.0281145837 5.254856180328874 3.760839588536043
14748.77861662984 5.292593029020643 3.780872544119264
15007.52911867597 5.330329877712412 3.801821219697356
15266.27962072211 5.368066726404181 3.823778264756163
15525.03012276825 5.40580357509595 3.846849807025764
15783.78062481438 5.44354042378772 3.871158085339573
16042.53112686052 5.481277272479489 3.896844732511899
16301.28162890666 5.519014121171258 3.924074903983652
16560.0321309528 5.556750969863028 3.953042518011432
16818.78263299893 5.594487818554796 3.983976972334251
17077.53313504507 5.632224667246566 4.017151844370508
17336.28363709121 5.669961515938335 4.052896288233193
17595.03413913735 5.707698364630104 4.091610144914458
17853.78464118348 5.745435213321874 4.13378423288321
18112.53514322962 5.783172062013644 4.180027964960232
18371.28564527576 5.820908910705413 4.231107468585946
18630.0361473219 5.858645759397183 4.287998962667742
18888.78664936803 5.896382608088951 4.351964547704767
19147.53715141417 5.934119456780721 4.424661164232153
19406.28765346031 5.97185630547249 4.508298569538932
19665.03815550645 6.009593154164259 4.605868308135539
19923.78865755258 6.047330002856029 4.721468971295076
20182.53915959872 6.085066851547797 4.86073762970497
20441.28966164486 6.122803700239567 5.031308745213891
20700.040163691 6.160540548931337 5.24290264335182
20958.79066573713 6.198277397623106 5.505776679201234
21217.54116778327 6.236014246314875 5.824913638924282
21476.29166982941 6.273751095006644 6.18883603738928
21735.04217187555 6.311487943698413 6.563433214890834
21993.79267392169 6.349224792390183 6.907874143133096
22252.54317596782 6.386961641081951 7.198987097298127
22511.29367801396 6.424698489773721 7.435060553382247
22770.0441800601 6.46243533846549 7.624824065816227
23028.79468210623 6.50017218715726 7.778651553750244
23287.54518415237 6.537909035849029 7.905266422719545
23546.29568619851 6.575645884540799 8.011254364625742
23805.04618824465 6.613382733232568 8.101423712130988
24063.79669029078 6.651119581924338 8.179272015882695
24322.54719233692 6.688856430616107 8.24736586030277
24581.29769438306 6.726593279307876 8.307614995984631
24840.0481964292 6.764330127999646 8.361462701626023
25098.79869847533 6.802066976691414 8.410016894264938
25357.54920052147 6.839803825383184 8.454140877240812
25616.29970256761 6.877540674074953 8.494516836815052
25875.05020461374 6.915277522766722 8.531690869750921
26133.80070665988 6.953014371458492 8.566105371834951
26392.55120870602 6.99075122015026 8.598122669053597
26651.30171075216 7.02848806884203 8.62804249869826
26910.05221279829 7.066224917533799 8.656115111967861
27168.80271484443 7.103961766225568 8.68255121722936
27427.55321689057 7.141698614917337 8.707529613994815
27686.30371893671 7.179435463609106 8.731203118060908
27945.05422098285 7.217172312300876 8.753703207323788
28203.80472302898 7.254909160992645 8.775143699253093
28462.55522507512 7.292646009684415 8.795623687803785
28721.30572712126 7.330382858376185 8.815229908439207
28980.0562291674 7.368119707067954 8.834038657472767
29238.80673121353 7.405856555759723 8.852117361091468
29497.55723325967 7.443593404451493 8.86952586678899
29756.30773530581 7.481330253143261 8.886317513160606
30015.05823735195 7.519067101835031 8.90254002146354
30273.80873939808 7.5568039505268 8.918236242876226
30532.55924144422 7.594540799218569 8.933444788182742
30791.30974349036 7.632277647910338 8.948200561080142
31050.06024553649 7.670014496602108 8.962535212033352
31308.81074758263 7.707751345293877 8.976477526275753
31567.56124962877 7.745488193985646 8.990053756946359
31826.31175167491 7.783225042677416 9.003287912297708
32085.06225372104 7.820961891369185 9.016202004275918
32343.81275576718 7.858698740060954 9.028816264470951
32602.56325781332 7.896435588752723 9.041149332388603
32861.31375985945 7.934172437444492 9.053218420149262
33120.06426190559 7.971909286136262 9.065039457038797
33378.81476395173 8.009646134828031 9.07662721676739
33637.56526599787 8.0473829835198 9.087995429846352
33896.31576804401 8.08511983221157 9.099156883108165
34155.06627009014 8.12285668090334 9.110123508087055
34413.81677213628 8.16059352959511 9.12090645971853
34672.56727418242 8.198330378286878 9.131516186601415
34931.31777622856 8.236067226978648 9.141962493885993
35190.0682782747 8.273804075670416 9.152254599701102
35448.81878032083 8.311540924362186 9.162401185905971
35707.56928236697 8.349277773053956 9.172410443845257
35966.31978441311 8.387014621745724 9.182290115694869
36225.07028645925 8.424751470437494 9.192047531908765
36483.82078850538 8.462488319129264 9.201689645211101
36742.57129055152 8.500225167821032 9.211223061521668
37001.32179259766 8.537962016512802 9.220654068154337
37260.0722946438 8.575698865204572 9.229988659586654
37518.82279668993 8.61343571389634 9.239232561062982
37777.57329873607 8.651172562588108 9.248391250262721
38036.32380078221 8.688909411279878 9.257469977238383
38295.07430282835 8.726646259971648 9.26647378280515
38553.82480487448 8.764383108663417 9.275407515543391
38812.57530692062 8.802119957355186 9.284275847558126
39071.32580896676 8.839856806046956 9.293083289124112
39330.07631101289 8.877593654738725 9.301834202332078
39588.82681305903 8.915330503430495 9.310532813839105
39847.57731510517 8.953067352122265 9.319183226818774
40106.32781715131 8.990804200814033 9.327789432192672
40365.07831919744 9.028541049505801 9.336355319222909
40623.82882124358 9.066277898197573 9.344884685534399
40882.57932328972 9.104014746889341 9.353381246631452
41141.32982533586 9.141751595581111 9.361848644967662
41400.08032738199 9.179488444272881 9.370290458623666
41658.83082942813 9.217225292964649 9.378710209643483
41917.58133147427 9.254962141656419 9.387111372076795
42176.3318335204 9.292698990348185 9.395497379771701
42435.08233556654 9.330435839039957 9.403871633960211
42693.83283761268 9.368172687731725 9.41223751067672
42952.58333965882 9.405909536423495 9.420598368047596
43211.33384170495 9.443646385115265 9.428957553491163
43470.08434375109 9.481383233807033 9.437318410862039
43728.83484579723 9.519120082498803 9.445684287578548
43987.58534784337 9.556856931190573 9.454058541767058
44246.3358498895 9.594593779882342 9.462444549461964
44505.08635193564 9.63233062857411 9.470845711895276
44763.83685398178 9.670067477265881 9.479265462915095
45022.58735602791 9.70780432595765 9.487707276571099
45281.33785807405 9.745541174649418 9.496174674907307
45540.08836012019 9.783278023341188 9.504671236004359
45798.83886216633 9.821014872032958 9.51320060231585
46057.58936421246 9.858751720724726 9.521766489346087
46316.3398662586 9.896488569416496 9.530372694719986
46575.09036830474 9.934225418108266 9.539023107699654
46833.84087035088 9.971962266800034 9.547721719206681
47092.59137239702 10.0096991154918 9.556472632414646
47351.34187444315 10.04743596418357 9.565280073980635
47610.09237648929 10.08517281287534 9.574148405995368
47868.84287853543 10.12290966156711 9.583082138733609
48127.59338058157 10.16064651025888 9.592085944300376
48386.34388262771 10.19838335895065 9.601164671276038
48645.09438467384 10.23612020764242 9.610323360475778
48903.84488671998 10.27385705633419 9.619567261952106
49162.59538876612 10.31159390502596 9.628901853384422
49421.34589081226 10.34933075371773 9.638332860017091
49680.0963928584 10.3870676024095 9.647866276327658
49938.84689490453 10.42480445110127 9.657508389629994
50197.59739695067 10.46254129979303 9.66726580584389
50456.34789899681 10.50027814848481 9.677145477693504
50715.09840104294 10.53801499717657 9.68715473563279
50973.84890308908 10.57575184586834 9.697301321837656
51232.59940513522 10.61348869456011 9.707593427652768
51491.34990718136 10.65122554325188 9.718039734937344
51750.10040922749 10.68896239194365 9.728649461820229
52008.85091127363 10.72669924063542 9.739432413451704
52267.60141331977 10.76443608932719 9.750399038430594
52526.3519153659 10.80217293801896 9.761560491692407
52785.10241741204 10.83990978671073 9.772928704771369
53043.85291945818 10.8776466354025 9.784516464499962
53302.60342150432 10.91538348409427 9.796337501389496
53561.35392355045 10.95312033278604 9.808406589150156
53820.10442559659 10.99085718147781 9.820739657067808
54078.85492764273 11.02859403016958 9.833353917262841
54337.60542968887 11.06633087886134 9.846268009241051
54596.355931735 11.10406772755311 9.859502164592399
54855.10643378114 11.14180457624488 9.873078395263006
55113.85693582728 11.17954142493665 9.887020709505407
55372.60743787341 11.21727827362842 9.901355360458616
55631.35793991955 11.25501512232019 9.916111133356017
55890.10844196569 11.29275197101196 9.931319678662533
56148.85894401183 11.33048881970373 9.94701590007522
56407.60944605796 11.3682256683955 9.963238408378153
56666.3599481041 11.40596251708727 9.980030054749768
56925.11045015024 11.44369936577904 9.997438560447291
57183.86095219638 11.48143621447081 10.01551726406599
57442.61145424251 11.51917306316258 10.03432601309955
57701.36195628865 11.55690991185434 10.05393223373497
57960.11245833479 11.59464676054611 10.07441222228567
58218.86296038092 11.63238360923788 10.09585271421497
58477.61346242706 11.67012045792965 10.11835280347785
58736.3639644732 11.70785730662142 10.14202630754394
58995.11446651934 11.74559415531319 10.1670047043094
59253.86496856547 11.78333100400496 10.1934408095709
59512.61547061161 11.82106785269673 10.2215134228405
59771.36597265775 11.8588047013885 10.25143325248516
60030.11647470389 11.89654155008027 10.28345054970381
60288.86697675003 11.93427839877204 10.31786505178784
60547.61747879616 11.97201524746381 10.35503908472371
60806.3679808423 12.00975209615558 10.39541504429795
61065.11848288844 12.04748894484734 10.43953902727382
61323.86898493458 12.08522579353911 10.48809321991274
61582.61948698072 12.12296264223088 10.54194092555413
61841.36998902685 12.16069949092265 10.60219006123599
62100.12049107299 12.19843633961442 10.67028390565607
62358.87099311913 12.23617318830619 10.74813220940777
62617.62149516527 12.27391003699796 10.83830155691302
62876.3719972114 12.31164688568973 10.94428949881922
63135.12249925754 12.3493837343815 11.07090436778851
63393.87300130368 12.38712058307327 11.22473185572254
63652.62350334982 12.42485743176504 11.41449536815652
63911.37400539595 12.46259428045681 11.65056882424063
64170.12450744209 12.50033112914858 11.94168177840568
64428.87500948823 12.53806797784035 12.28612270664794
64687.62551153437 12.57580482653212 12.66071988414948
64946.3760135805 12.61354167522389 13.02464228261448
65205.12651562664 12.65127852391565 13.34377924233753
65463.87701767278 12.68901537260742 13.60665327818695
65722.62751971891 12.72675222129919 13.81824717632487
65981.37802176505 12.76448906999096 13.98881829183378
66240.12852381119 12.80222591868273 14.12808695024369
66498.87902585733 12.8399627673745 14.24368761340322
66757.62952790347 12.87769961606627 14.34125735199983
67016.38002994961 12.91543646475804 14.42489475730661
67275.13053199573 12.95317331344981 14.49759137383399
67533.88103404187 12.99091016214158 14.56155695887102
67792.63153608801 13.02864701083335 14.61844845295281
68051.38203813415 13.06638385952512 14.66952795657853
68310.13254018029 13.10412070821689 14.71577168865555
68568.88304222643 13.14185755690865 14.7579457766243
68827.63354427257 13.17959440560043 14.79665963330557
69086.38404631869 13.21733125429219 14.83240407716825
69345.13454836483 13.25506810298396 14.86557894920451
69603.88505041097 13.29280495167573 14.89651340352733
69862.63555245711 13.3305418003675 14.92548101755511
70121.38605450325 13.36827864905927 14.95271118902686
70380.13655654939 13.40601549775104 14.97839783619919
70638.88705859553 13.44375234644281 15.002706114513
70897.63756064167 13.48148919513458 15.0257776567826
71156.38806268779 13.51922604382635 15.0477347018414
71415.13856473393 13.55696289251812 15.0686833774195
71673.88906678007 13.59469974120989 15.08871633300272
71932.63956882621 13.63243658990165 15.107914868393
72191.39007087235 13.67017343859342 15.12635066754596
72450.14057291849 13.70791028728519 15.14408722087212
72708.89107496463 13.74564713597696 15.16118099972479
72967.64157701076 13.78338398466873 15.17768243230543
73226.3920790569 13.8211208333605 15.19363671932747
73485.14258110303 13.85885768205227 15.20908451952667
73743.89308314917 13.89659453074404 15.22406252879963
74002.64358519531 13.93433137943581 15.23860397189649
74261.39408724145 13.97206822812758 15.25273902182645
74520.14458928759 14.00980507681935 15.26649515919258
74778.89509133372 14.04754192551112 15.27989748135837
75037.64559337986 14.08527877420289 15.2929689695172
75296.396095426 14.12301562289466 15.30573072027851
75555.14659747214 14.16075247158643 15.31820214721686
75813.89709951828 14.1984893202782 15.33040115689072
76072.64760156441 14.23622616896996 15.3423443030761
76331.39810361055 14.27396301766174 15.3540469223454
76590.14860565669 14.3116998663535 15.36552325360945
76848.89910770282 14.34943671504527 15.37678654383333
77107.64960974896 14.38717356373704 15.38784914178937
77366.4001117951 14.42491041242881 15.39872258142921
77625.15061384124 14.46264726112058 15.40941765622118
77883.90111588738 14.50038410981235 15.41994448560241
78142.65161793352 14.53812095850412 15.43031257453086
78401.40211997966 14.57585780719589 15.44053086698366
78660.15262202578 14.61359465588766 15.45060779413173
78918.90312407192 14.65133150457943 15.46055131782196
79177.65362611806 14.6890683532712 15.47036896991407
79436.4041281642 14.72680520196296 15.48006788794825
79695.15463021034 14.76454205065473 15.48965484755867
79953.90513225648 14.8022788993465 15.49913629199571
80212.65563430262 14.84001574803827 15.50851835907505
80471.40613634874 14.87775259673004 15.51780690583327
80730.15663839488 14.91548944542181 15.52700753113637
80988.90714044102 14.95322629411358 15.53612559645885
81247.65764248716 14.99096314280535 15.54516624502611
81506.4081445333 15.02869999149712 15.55413441949149
81765.15864657944 15.06643684018889 15.56303487830024
82023.90914862558 15.10417368888066 15.57187221087663
82282.65965067172 15.14191053757243 15.580650851756
82541.41015271784 15.17964738626419 15.58937509377021
82800.16065476398 15.21738423495597 15.59804910038802
83058.91115681012 15.25512108364773 15.60667691729457
83317.66165885626 15.2928579323395 15.61526248329487
83576.4121609024 15.33059478103127 15.62380964061269
83835.16266294854 15.36833162972304 15.63232214465232
84093.91316499468 15.40606847841481 15.64080367328471
84352.6636670408 15.44380532710658 15.64925783571474
84611.41416908694 15.48154217579835 15.65768818098215
84870.16467113308 15.51927902449012 15.66609820614511
85128.91517317922 15.55701587318189 15.67449136419235
85387.66567522536 15.59475272187366 15.6828710717271
85646.4161772715 15.63248957056543 15.69124071646411
85905.16667931764 15.6702264192572 15.69960366457918
86163.91718136377 15.70796326794896 15.70796326794897
